[gd_scene load_steps=7 format=2]

[ext_resource path="res://Environmnent/Utils/SoundSensor.tscn" type="PackedScene" id=1]
[ext_resource path="res://Proto/Mobs/Proto/MobB.gd" type="Script" id=2]


[sub_resource type="CubeMesh" id=1]

[sub_resource type="BoxShape" id=2]

[sub_resource type="Animation" id=4]
resource_name = "Idle"
length = 8.0
loop = true
tracks/0/type = "value"
tracks/0/path = NodePath("MeshInstance:rotation_degrees")
tracks/0/interp = 1
tracks/0/loop_wrap = true
tracks/0/imported = false
tracks/0/enabled = true
tracks/0/keys = {
"times": PoolRealArray( 0, 8 ),
"transitions": PoolRealArray( 1, 1 ),
"update": 0,
"values": [ Vector3( 0, 0, 0 ), Vector3( 0, 360, 0 ) ]
}

[sub_resource type="Animation" id=3]
resource_name = "Run"
length = 0.4
loop = true
tracks/0/type = "value"
tracks/0/path = NodePath("MeshInstance:translation")
tracks/0/interp = 2
tracks/0/loop_wrap = true
tracks/0/imported = false
tracks/0/enabled = true
tracks/0/keys = {
"times": PoolRealArray( 0, 0.3 ),
"transitions": PoolRealArray( 1, 1 ),
"update": 0,
"values": [ Vector3( 0, 0, 0 ), Vector3( 0, 1, 0 ) ]
}

[node name="Spatial" type="KinematicBody"]
transform = Transform( 1, 0, 0, 0, 1, 0, 0, 0, 1, 0, 1.44478, 0 )
collision_layer = 4
collision_mask = 12
script = ExtResource( 2 )

[node name="MeshInstance" type="MeshInstance" parent="."]
mesh = SubResource( 1 )

[node name="CollisionShape" type="CollisionShape" parent="."]
shape = SubResource( 2 )

[node name="SoundSensor" parent="." instance=ExtResource( 1 )]
collision_layer = 0

[node name="AnimationPlayer" type="AnimationPlayer" parent="."]
anims/Idle = SubResource( 4 )
anims/Run = SubResource( 3 )

[node name="VisionSensor" type="Spatial" parent="."]
transform = Transform( 1, 0, 0, 0, 1, 0, 0, 0, 1, 0, -0.5, 1 )

[node name="RayCast" type="RayCast" parent="VisionSensor"]
transform = Transform( 0.707107, 0, 0.707107, 0, 1, 0, -0.707107, 0, 0.707107, 0, 0, 0 )
enabled = true
cast_to = Vector3( 0, 0, 4 )

[node name="RayCast2" type="RayCast" parent="VisionSensor"]
transform = Transform( 0.939693, 0, 0.34202, 0, 1, 0, -0.34202, 0, 0.939693, 0, 0, 0 )
enabled = true
cast_to = Vector3( 0, 0, 5 )

[node name="RayCast3" type="RayCast" parent="VisionSensor"]
enabled = true
cast_to = Vector3( 0, 0, 6 )

[node name="RayCast4" type="RayCast" parent="VisionSensor"]
transform = Transform( 0.939693, 0, -0.34202, 0, 1, 0, 0.34202, 0, 0.939693, 0, 0, 0 )
enabled = true
cast_to = Vector3( 0, 0, 5 )

[node name="RayCast5" type="RayCast" parent="VisionSensor"]
transform = Transform( 0.707107, 0, -0.707107, 0, 1, 0, 0.707107, 0, 0.707107, 0, 0, 0 )
enabled = true
cast_to = Vector3( 0, 0, 4 )

[connection signal="detected" from="SoundSensor" to="." method="_on_SoundSensor_detected"]
[connection signal="lost" from="SoundSensor" to="." method="_on_SoundSensor_lost"]

[editable path="SoundSensor"]
